Iteration | New frag | Filt new fr | All frag | New recomb | Filt new rec | All recomb | Exec Time | Fragm Time | Filt frag Time | Recomb Time | Filt recomb Time
------------------------------------------------------------------------------------------------
    0    |    1    |    1    |    1    |    9    |    4    |    5    |    0    |    0    |    0    |    0    |    0    
    1    |    9    |    8    |    9    |    58    |    20    |    25    |    5    |    0    |    0    |    5    |    0    
    2    |    43    |    35    |    44    |    219    |    62    |    87    |    22    |    0    |    0    |    21    |    0    
    3    |    146    |    106    |    150    |    567    |    143    |    230    |    50    |    1    |    0    |    48    |    0    
    4    |    311    |    193    |    343    |    999    |    177    |    407    |    66    |    3    |    0    |    61    |    1    
    5    |    430    |    233    |    576    |    1223    |    237    |    644    |    45    |    4    |    0    |    39    |    2    
    6    |    476    |    236    |    812    |    1107    |    123    |    767    |    34    |    6    |    0    |    25    |    1    
    7    |    311    |    119    |    931    |    617    |    38    |    805    |    10    |    3    |    0    |    6    |    0    
    8    |    100    |    34    |    965    |    210    |    4    |    809    |    2    |    0    |    0    |    1    |    0    
    9    |    11    |    3    |    968    |    24    |    0    |    809    |    0    |    0    |    0    |    0    |    0    


 -- END --
Total execution time --- 239.34549689292908 seconds ---